display = list(version='1.0.0',colormap = list(name='Set1 9',
ncolors=9,
type=3,
system='rgb',
backgroundColor = c(0.200,0.200,0.200),
hiddenColor = c(0.500,0.500,0.500),
accentColor = c(1.000,1.000,1.000),
foregroundColors = list(c(0.596,0.306,0.639),c(0.969,0.506,0.749),c(0.894,0.102,0.110),c(0.216,0.494,0.722),c(0.302,0.686,0.290),c(1.000,0.498,0.000),c(0.651,0.337,0.157),c(0.600,0.600,0.600),c(1.000,1.000,0.200))),
title='',type='scatterplot',nplots=1,
plots = list(list(type='scatterplot',projection='2D Tour',scale=c(0.700, 0.700),
tformLims=c(xmin=0.000, xmax=0.000, ymin=0.000, ymax=0.000),
planarLims=c(xmin=-23552.000, xmax=23552.000, ymin=-23552.000, ymax=23552.000),
points = list(index = c(0,1,2,3,4,5,6,7,8,9,10,11,12,13,14,15,16,17,18,19,20,21,22,23,24,25,26,27,28,29,30,31,32,33,34,35,36,37,38,39,40,41,42,43,44,45,46,47,48,49,50,51,52,53,54,55,56,57,58,59,60,61,62,63,64,65,66,67,68,69,70,71,72,73,74,75,76,77,78,79,80,81,82,83,84,85,86,87,88,89,90,91,92,93,94,95,96,97,98,
99,100,101,102,103,104,105,106,107,108,109,110,111,112,113,114,115,116,117,118,119,120,121,122,123,124,125,126,127,128,129,130,131,132,133,134,135,136,137,138,139,140,141,142,143,144,145,146,147,148,149,150,151,152,153,154,155,156,157,158,159,160,161,162,163,164,165,166,167,168,169,170,171,172,173,174,175,176,177,178,179,180,181,182,183,184,185,186,187,188,189,190,191,192,193,194,195,196,197,198,
199,200,201,202,203,204,205,206,207,208,209,210,211,212,213,214,215,216,217,218,219,220,221,222,223,224,225,226,227,228,229,230,231,232,233,234,235,236,237,238,239,240,241,242,243,244,245,246,247,248,249,250,251,252,253,254,255,256,257,258,259,260,261,262,263,264,265,266,267,268,269,270,271,272,273,274,275,276,277,278,279,280,281,282,283,284,285,286,287,288,289,290,291,292,293,294,295,296,297,298,
299,300,301,302,303,304,305,306,307,308,309,310,311,312,313,314,315,316,317,318,319,320,321,322,323,324,325,326,327,328,329,330,331,332,333,334,335,336,337,338,339,340,341,342,343,344,345,346,347,348,349,350,351,352,353,354,355,356,357,358,359,360,361,362,363,364,365,366,367,368,369,370,371,372,373,374,375,376,377,378,379,380,381,382,383,384,385,386,387,388,389,390,391,392,393,394,395,396,397,398,
399,400,401,402,403,404,405,406),
x = c(7587.61,4245.76,5233.21,2444.79,-2390.22,1766.06,5361.87,4956.2,6957.71,2082.73,7703.43,4082.94,3073.93,-1995.89,3938.75,6233.35,5362.63,5956.14,3929.23,2517.52,3126.9,3761.37,4671.64,3409.91,3042.97,4456.63,2072.5,2207.42,9985.77,6151.21,3335.07,4320.85,1593.76,3109.06,3421.29,3801.95,4152.58,4686.71,4449,7077.5,3728.26,4859.11,3131.96,2881.34,3447.53,2687.71,3939.47,2828.34,12382.4,2409.97,3990.51,6683.69,5195.53,3795.06,4078.57,2799.9,4453.54,3178.77,3162,-2363.81,9697.18,5343.43,4349.33,2804.81,-14020.5,2455.42,1908.36,-297.839,3328.52,3168.51,8647.9,6854.81,3943.61,4578.21,3815.21,3675.19,2545.3,6522.93,3546.08,4302.59,4127.94,5660.16,5815.21,4698.75,4146.64,5199.76,3389.12,2888.73,3718.01,4885.96,2999.77,5245.89,5771.49,5576.92,4988.34,3195.74,9497.01,6326,5389.16,3627.09,
7021.75,4829.16,4072.62,2207.06,1244.58,2676.17,423.022,3598.9,5227.31,3684.49,2914.16,4773.26,3894.9,3822.25,4815.16,3530.44,4330.9,4848.45,5618.12,6446.03,2595.02,1946.75,3330.03,5846.88,3828.6,3203.51,3958.99,4133.87,8133.28,2848.95,3854.12,7803.6,-3941.85,3193.13,1527.62,2860.27,4901.68,4059.22,5467.75,2874.01,9285.24,4870.64,2246.74,3056.19,7514.99,2284.45,7426.74,6233.91,5428.92,4767.94,4587.47,6397.37,9376.9,4011.71,6958.41,1409.17,530.284,2825.71,3846.9,1192.95,4249.21,4589.86,834.275,4113.32,4190.56,3416.06,3380.93,1102.93,3825.13,2235.01,4447.4,1561.52,6617.74,3978.76,2790.8,3670.24,5355.59,4948.9,5023.67,7315.07,11446,1811.78,2707.95,3504.47,4464.67,2496.93,3939.74,4273.08,2982.83,3520.65,1658.64,1147.6,3476.88,6533.61,1597.91,3660.15,780.814,2589.78,3158.91,5570.85,
6364.4,1892.85,3363.16,5364.78,5046.37,2182.93,4347.22,3979.58,3190.77,1405.9,1451.33,4459.69,6628.77,2629.97,2272.43,6774.77,3711.13,4361.92,3859.21,2277.34,-935.182,4654.42,1703.93,3869.74,6855.31,7916.59,3477.87,-4866.45,5045.09,2695.36,5510.12,3311.28,8169.64,2533.75,3203.28,-187.733,-274.167,3088.45,2824.28,3105.37,2083.77,3004.8,3282.66,2687.53,2722.37,5822.95,3991.16,3891.79,4029.69,2354.11,4069.87,3126.47,4653.1,4696.39,4285.31,4749.22,-3206.96,4268.22,3844.59,4659,3571.78,2678.51,3837.4,3251.16,2049.78,3980.97,3325.88,3294.54,3953.87,3681.42,2594.61,3549.55,4254.78,2770.76,3106.25,5082.5,3077.03,2925.88,4418.76,4276.21,2499.08,3144.39,1900.73,5603.1,5349.03,3524.91,3510.49,1698.74,3018.46,2870.09,2826.71,3606.63,3156.92,4615.92,2363.92,4998.06,3673.27,4413.53,5324.87,2249.19,
3745.73,4173,1818.41,4406.08,3923.09,-1251.93,1382.68,6773.51,4095.29,693.869,6099.59,6022.83,-4100.91,3093.28,-198.596,4421.36,2876.47,1537.12,4446.03,6392.44,3386.41,1006.19,3432.73,-139.39,2085.33,5879.91,5339.39,3660.77,-41.2165,6463.03,4191.3,3540.45,2858.53,-1015.56,-64.1037,1184.81,933.083,-1691.64,-7023.54,5860.26,3204.61,7361.13,4079.44,6014.24,4854.62,3404.79,6951.8,869.604,5532.05,3015.36,1535.82,2044.83,7859.42,4064.78,2590.7,5255.6,2501.59,6074.78,2080.75,3862.61,4381.67,4241.8,9236.25,5281.16,7459.64,5022,3056.46,4904.05,3867.47,3351.73,442.712,4429.63,5489.09,4758.36,4149.56,5052.65,5284.15,1996.75,3766.11,4923.04,4337.58,3527.09,3480.3,5434.02,3428.59,4131.38,3530.72,5153.49,4415.1,5711.43,2680.42,4410.26,1902.37,-2552.97,3449.93,4647.26,7194.36,6987.25,-600.792,5224.31,
3699.76,3710.07,2064.77,7812.88,5837.66,3779.49,2080.27),
y = c(15477.5,12382.2,-7883.09,18212.7,9887.87,-95.3248,323.712,-3363.51,7773.49,17845.7,-872.125,6774.68,2358.34,1929.6,503.034,-901.535,12658.5,4088.59,13496.1,19607.8,11108.5,5241.38,12599.6,10575.9,3586.67,12584.4,13905.7,7479.02,13936.4,4555.57,10738.9,17279.9,8717.4,17520.7,12494.8,16069.7,6.15996,3780.25,2312.92,-10600.3,19168.5,12853.1,12712.8,18218.3,6466.14,17216.6,7576.6,17820.9,4807.2,17623.3,7866.44,17351.1,10175.4,13466.3,9937.13,-166.933,13975.3,19711,6362.54,11540.5,10105,2562.03,8971.93,13825.1,12162.2,15647.7,16731.6,-2056.56,6659.89,17263.5,10386.1,2252.03,17067.4,886.884,919.338,12983.9,8556.52,7200.11,10674.2,16005.3,15532.3,9217.29,10684.7,11614.2,1600.79,1436.35,12317.1,16783.7,7684.01,18040.3,17305.8,13162.5,15165,17516.4,14503.3,2914,10337.2,16610.7,-2059.46,8133.5,
916.592,-8718.15,8859.18,11212.9,13451.5,2692.48,8940.32,20181.3,9036.42,15936.7,19884.7,473.349,8921.96,17360.3,18108.5,9036.15,4399.31,-6604.49,9785.88,15461.2,13019.3,4409.2,3571.04,8661.41,16957.4,12821.7,10361.6,9180,231.788,5529.88,9947.19,11910.2,8432,12257.5,17385.8,17590.1,10341.1,19846.9,12432.8,15615.7,-4068.11,16178.7,8457.56,14711.7,11084.2,9049.92,-5332.79,17650.9,12131.3,12637,12127.8,11886.4,2759.56,8748.88,200.253,8161.44,2524.03,20215.4,-1096.91,9566.97,16512.7,16980.2,183.566,12520.5,3870.32,3098.47,16002.2,1360.56,2363.24,8086.92,15997.5,8244.52,4069.95,4899.57,12974.1,14644.7,13046.3,9691.87,5758.52,16193.2,-5996.55,-570.374,8787.35,17608.5,2896.42,5299.23,11120.3,11145.1,6715.12,14570.3,9312.77,10367.8,20358.3,4870.54,10864,11496.9,-8450.72,2284.21,664.87,10237.6,
-2739.03,12045.8,8684.42,800.889,12984.4,15425.1,7673.72,8211.04,14868.3,-1185.1,10358.6,12467.2,3840.94,9609.7,2898.6,11796.8,10557.7,4518.87,15355.9,-3.32733,6107.43,5289.23,529.159,12434.6,8749.17,7565.71,15404.4,18530.2,-2752.28,7749.14,8517.97,5699.62,1409.67,20801.8,8251.2,8112.58,5267.99,8781.25,8203.24,19395.9,2841.97,15105.2,18602.8,11148.4,8703.35,11418.1,13534.8,15109.1,9473.97,76.3174,17372.4,10153.7,14622.5,12700.5,9762.08,9409.03,10980.4,2204.58,17830.4,12786.3,13190.3,15667.9,17857.9,19396.1,17145.6,17025.7,16570.8,17345.2,8881.44,6290.46,17391.3,-1447.38,7091.83,12380,16016.2,15800.1,19163.6,9776.18,11294.3,13311.1,19959.7,12151.7,17607.4,16885.2,17155.1,20316.2,19510.5,13230.1,20380.8,17801.1,16310.2,17483.7,19169.4,12433.9,10697.5,14581.4,16560.1,17552.8,12845.2,13256.5,
16334.6,1998.94,10472.7,5155.36,11777.3,9004.53,-492.421,6714.04,13996.6,-11947.1,13066.9,8052.33,18765.2,5480.8,10928.2,6260.9,10165.6,-2582.15,11208.8,7155.67,9916.6,17642.3,6368.04,-1194.88,1977.44,12475,2671.01,5836.22,-2060.08,2837.17,19730.8,17552.8,20901.5,19712.3,17969.2,2642.21,20310.4,12629.1,15832.9,18264.9,5154.6,16946.7,11020.2,16177.4,1864.68,11584.7,8833.54,12943.7,-8186.92,17011,14109.6,13537.4,16509,11137.5,9914.33,15262.4,3655.8,11521,-5491.01,3170.78,14927.3,9267.43,1428.79,2787.13,14018.8,3553.55,17973.7,11091.8,6738.96,18495.3,2167.05,10808.8,1232.67,-1844.02,3989.84,-2787.68,4908.78,6033.8,2906.31,2498.6,8613.4,11556.6,15566.4,18639.3,14791.3,12944.4,17615.4,5987.7,9710.47,10209.8,14852.6,11794.8,16324.1,-21.6916,12987,11070.8,7055.07,5870.95,5759.04,10746.6,
9479.26,5083.56,7957.78,-4365.65,12704,19927.4,19082.8),
color = c(0,0,8,0,0,0,0,8,0,0,0,0,0,8,0,0,0,0,0,0,0,0,0,0,0,0,0,0,0,0,0,0,0,0,0,0,0,0,0,8,0,0,0,0,0,0,0,0,7,0,0,0,0,0,0,0,0,0,0,0,0,0,0,0,7,0,0,8,0,0,0,0,0,0,0,0,0,0,0,0,0,0,0,0,0,0,0,0,0,0,0,0,0,0,0,0,0,0,8,0,
0,8,0,0,0,0,0,0,0,0,0,0,0,0,0,0,0,8,0,0,0,0,0,0,0,0,0,0,0,0,0,0,0,0,0,0,0,0,0,0,8,0,0,0,0,0,8,0,0,0,0,0,0,0,0,0,0,0,0,0,0,0,0,0,0,0,0,0,0,0,0,0,0,0,0,0,0,0,0,0,8,8,0,0,0,0,0,0,0,0,0,0,0,0,0,0,8,0,0,0,
8,0,0,0,0,0,0,0,0,8,0,0,0,0,0,0,0,0,0,8,0,0,0,0,0,0,0,0,0,0,0,0,0,0,0,0,0,0,0,0,0,0,0,0,0,0,0,0,0,0,0,0,0,0,0,0,0,0,0,0,0,0,0,0,0,0,0,0,0,0,0,8,0,0,0,0,0,0,0,0,0,0,0,0,0,0,0,0,0,0,0,0,0,0,0,0,0,0,0,0,
0,0,0,0,0,0,0,0,0,8,0,0,0,0,0,0,0,0,0,0,0,0,0,8,0,0,0,0,8,0,0,0,0,0,0,0,0,0,7,0,0,0,0,0,7,0,0,0,8,0,0,0,0,0,0,0,0,0,8,0,0,0,0,0,0,0,0,0,0,0,0,0,0,8,0,8,0,0,0,0,0,0,0,0,0,0,0,0,0,0,0,0,0,8,0,0,0,0,0,0,
0,0,0,8,0,0,0),
glyphtype = c(5,5,5,5,5,5,5,5,5,5,5,5,5,5,5,5,5,5,5,5,5,5,5,5,5,5,5,5,5,5,5,5,5,5,5,5,5,5,5,5,5,5,5,5,5,5,5,5,5,5,5,5,5,5,5,5,5,5,5,5,5,5,5,5,5,5,5,5,5,5,5,5,5,5,5,5,5,5,5,5,5,5,5,5,5,5,5,5,5,5,5,5,5,5,5,5,5,5,5,5,
5,5,5,5,5,5,5,5,5,5,5,5,5,5,5,5,5,5,5,5,5,5,5,5,5,5,5,5,5,5,5,5,5,5,5,5,5,5,5,5,5,5,5,5,5,5,5,5,5,5,5,5,5,5,5,5,5,5,5,5,5,5,5,5,5,5,5,5,5,5,5,5,5,5,5,5,5,5,5,5,5,5,5,5,5,5,5,5,5,5,5,5,5,5,5,5,5,5,5,5,
5,5,5,5,5,5,5,5,5,5,5,5,5,5,5,5,5,5,5,5,5,5,5,5,5,5,5,5,5,5,5,5,5,5,5,5,5,5,5,5,5,5,5,5,5,5,5,5,5,5,5,5,5,5,5,5,5,5,5,5,5,5,5,5,5,5,5,5,5,5,5,5,5,5,5,5,5,5,5,5,5,5,5,5,5,5,5,5,5,5,5,5,5,5,5,5,5,5,5,5,
5,5,5,5,5,5,5,5,5,5,5,5,5,5,5,5,5,5,5,5,5,5,5,5,5,5,5,5,5,5,5,5,5,5,5,5,5,5,5,5,5,5,5,5,5,5,5,5,5,5,5,5,5,5,5,5,5,5,5,5,5,5,5,5,5,5,5,5,5,5,5,5,5,5,5,5,5,5,5,5,5,5,5,5,5,5,5,5,5,5,5,5,5,5,5,5,5,5,5,5,
5,5,5,5,5,5,5),
glyphsize = c(1,1,1,1,1,1,1,1,1,1,1,1,1,1,1,1,1,1,1,1,1,1,1,1,1,1,1,1,1,1,1,1,1,1,1,1,1,1,1,1,1,1,1,1,1,1,1,1,1,1,1,1,1,1,1,1,1,1,1,1,1,1,1,1,1,1,1,1,1,1,1,1,1,1,1,1,1,1,1,1,1,1,1,1,1,1,1,1,1,1,1,1,1,1,1,1,1,1,1,1,
1,1,1,1,1,1,1,1,1,1,1,1,1,1,1,1,1,1,1,1,1,1,1,1,1,1,1,1,1,1,1,1,1,1,1,1,1,1,1,1,1,1,1,1,1,1,1,1,1,1,1,1,1,1,1,1,1,1,1,1,1,1,1,1,1,1,1,1,1,1,1,1,1,1,1,1,1,1,1,1,1,1,1,1,1,1,1,1,1,1,1,1,1,1,1,1,1,1,1,1,
1,1,1,1,1,1,1,1,1,1,1,1,1,1,1,1,1,1,1,1,1,1,1,1,1,1,1,1,1,1,1,1,1,1,1,1,1,1,1,1,1,1,1,1,1,1,1,1,1,1,1,1,1,1,1,1,1,1,1,1,1,1,1,1,1,1,1,1,1,1,1,1,1,1,1,1,1,1,1,1,1,1,1,1,1,1,1,1,1,1,1,1,1,1,1,1,1,1,1,1,
1,1,1,1,1,1,1,1,1,1,1,1,1,1,1,1,1,1,1,1,1,1,1,1,1,1,1,1,1,1,1,1,1,1,1,1,1,1,1,1,1,1,1,1,1,1,1,1,1,1,1,1,1,1,1,1,1,1,1,1,1,1,1,1,1,1,1,1,1,1,1,1,1,1,1,1,1,1,1,1,1,1,1,1,1,1,1,1,1,1,1,1,1,1,1,1,1,1,1,1,
1,1,1,1,1,1,1),
hidden = c(0,0,0,0,0,0,0,0,0,0,0,0,0,0,0,0,0,0,0,0,0,0,0,0,0,0,0,0,0,0,0,0,0,0,0,0,0,0,0,0,0,0,0,0,0,0,0,0,0,0,0,0,0,0,0,0,0,0,0,0,0,0,0,0,0,0,0,0,0,0,0,0,0,0,0,0,0,0,0,0,0,0,0,0,0,0,0,0,0,0,0,0,0,0,0,0,0,0,0,0,
0,0,0,0,0,0,0,0,0,0,0,0,0,0,0,0,0,0,0,0,0,0,0,0,0,0,0,0,0,0,0,0,0,0,0,0,0,0,0,0,0,0,0,0,0,0,0,0,0,0,0,0,0,0,0,0,0,0,0,0,0,0,0,0,0,0,0,0,0,0,0,0,0,0,0,0,0,0,0,0,0,0,0,0,0,0,0,0,0,0,0,0,0,0,0,0,0,0,0,0,
0,0,0,0,0,0,0,0,0,0,0,0,0,0,0,0,0,0,0,0,0,0,0,0,0,0,0,0,0,0,0,0,0,0,0,0,0,0,0,0,0,0,0,0,0,0,0,0,0,0,0,0,0,0,0,0,0,0,0,0,0,0,0,0,0,0,0,0,0,0,0,0,0,0,0,0,0,0,0,0,0,0,0,0,0,0,0,0,0,0,0,0,0,0,0,0,0,0,0,0,
0,0,0,0,0,0,0,0,0,0,0,0,0,0,0,0,0,0,0,0,0,0,0,0,0,0,0,0,0,0,0,0,0,0,0,0,0,0,0,0,0,0,0,0,0,0,0,0,0,0,0,0,0,0,0,0,0,0,0,0,0,0,0,0,0,0,0,0,0,0,0,0,0,0,0,0,0,0,0,0,0,0,0,0,0,0,0,0,0,0,0,0,0,0,0,0,0,0,0,0,
0,0,0,0,0,0,0)
),
params = list(F = c(0.847,-0.465,0.101,-0.239,0.260,0.534,0.777,0.209),labels = c('L1','L2','L3','UE'),ranges = list(c(0.143, 1.000),c(0.538, 1.000),c(0.412, 1.000),c(0.067, 1.000))),stickylabels = list(list(index=12,label='13')))),
showMissing=1,showPoints=1,showDirectedEdges=0,showUndirectedEdges=0,showArrowheads=0)
